alpha	beta	solved	time
0.0	1	1000	7.8578
0.0	2	1000	7.7797
0.0	3	1000	7.7232
0.0	4	1000	7.7817
0.0	5	1000	7.7032
0.0	6	1000	7.6840
0.0	7	1000	7.7054
0.0	8	1000	7.6967
0.0	9	1000	7.7776
0.0	10	1000	7.8477
0.0	11	1000	7.7163
0.0	12	1000	7.7084
0.0	13	1000	7.6740
0.0	14	1000	7.6895
0.0	15	1000	7.6689
0.0	16	1000	7.7018
0.0	17	1000	7.6662
0.0	18	1000	7.6954
0.0	19	1000	7.7433
0.0	20	1000	7.6815
0.1	1	1000	7.5565
0.1	2	1000	7.4056
0.1	3	1000	7.3896
0.1	4	1000	7.5096
0.1	5	1000	7.3724
0.1	6	1000	7.4038
0.1	7	1000	7.4041
0.1	8	1000	7.4100
0.1	9	1000	7.4230
0.1	10	1000	7.3387
0.1	11	1000	7.3708
0.1	12	1000	7.3635
0.1	13	1000	7.3619
0.1	14	1000	7.3381
0.1	15	1000	7.4080
0.1	16	1000	7.3981
0.1	17	1000	7.4684
0.1	18	1000	7.3842
0.1	19	1000	7.4258
0.1	20	1000	7.3695
0.2	1	1000	7.3028
0.2	2	1000	6.9884
0.2	3	1000	7.0321
0.2	4	1000	7.1185
0.2	5	1000	7.1866
0.2	6	1000	7.2315
0.2	7	1000	7.2459
0.2	8	1000	7.2628
0.2	9	1000	7.2345
0.2	10	1000	7.2215
0.2	11	1000	7.2124
0.2	12	1000	7.2443
0.2	13	1000	7.2238
0.2	14	1000	7.2318
0.2	15	1000	7.1803
0.2	16	1000	7.2297
0.2	17	1000	7.2863
0.2	18	1000	7.2571
0.2	19	1000	7.3087
0.2	20	1000	7.2784
0.30000000000000004	1	1000	6.7600
0.30000000000000004	2	1000	6.5137
0.30000000000000004	3	1000	6.6179
0.30000000000000004	4	1000	6.7571
0.30000000000000004	5	1000	6.8452
0.30000000000000004	6	1000	6.8689
0.30000000000000004	7	1000	6.9048
0.30000000000000004	8	1000	6.9855
0.30000000000000004	9	1000	7.0303
0.30000000000000004	10	1000	7.0592
0.30000000000000004	11	1000	7.0439
0.30000000000000004	12	1000	6.9961
0.30000000000000004	13	1000	7.0228
0.30000000000000004	14	1000	7.1424
0.30000000000000004	15	1000	7.0756
0.30000000000000004	16	1000	7.0027
0.30000000000000004	17	1000	7.1028
0.30000000000000004	18	1000	7.1313
0.30000000000000004	19	1000	7.1371
0.30000000000000004	20	1000	7.1589
0.4	1	1000	6.4392
0.4	2	1000	6.1592
0.4	3	1000	6.2802
0.4	4	1000	6.4283
0.4	5	1000	6.5586
0.4	6	1000	6.7361
0.4	7	1000	6.6984
0.4	8	1000	6.8203
0.4	9	1000	6.8455
0.4	10	1000	6.8803
0.4	11	1000	6.8405
0.4	12	1000	6.8509
0.4	13	1000	6.8625
0.4	14	1000	6.8603
0.4	15	1000	6.8636
0.4	16	1000	6.8670
0.4	17	1000	6.9747
0.4	18	1000	6.9609
0.4	19	1000	7.0082
0.4	20	1000	7.0028
0.5	1	1000	6.0010
0.5	2	1000	5.8100
0.5	3	1000	5.9483
0.5	4	1000	6.1660
0.5	5	1000	6.3288
0.5	6	1000	6.4372
0.5	7	1000	6.5287
0.5	8	1000	6.5992
0.5	9	1000	6.6253
0.5	10	1000	6.6759
0.5	11	1000	6.6883
0.5	12	1000	6.7115
0.5	13	1000	6.7315
0.5	14	1000	6.7449
0.5	15	1000	6.7319
0.5	16	1000	6.7583
0.5	17	1000	6.8800
0.5	18	1000	6.8889
0.5	19	1000	6.9203
0.5	20	1000	6.8929
0.6000000000000001	1	1000	5.5011
0.6000000000000001	2	1000	5.3807
0.6000000000000001	3	1000	5.5534
0.6000000000000001	4	1000	5.7930
0.6000000000000001	5	1000	6.0193
0.6000000000000001	6	1000	6.1913
0.6000000000000001	7	1000	6.2792
0.6000000000000001	8	1000	6.4235
0.6000000000000001	9	1000	6.4272
0.6000000000000001	10	1000	6.5198
0.6000000000000001	11	1000	6.5431
0.6000000000000001	12	1000	6.5692
0.6000000000000001	13	1000	6.6073
0.6000000000000001	14	1000	6.6117
0.6000000000000001	15	1000	6.6290
0.6000000000000001	16	1000	6.6451
0.6000000000000001	17	1000	6.7630
0.6000000000000001	18	1000	6.7733
0.6000000000000001	19	1000	6.7889
0.6000000000000001	20	1000	6.7850
0.7000000000000001	1	1000	5.0850
0.7000000000000001	2	1000	4.9629
0.7000000000000001	3	1000	5.2074
0.7000000000000001	4	1000	5.4980
0.7000000000000001	5	1000	5.7689
0.7000000000000001	6	1000	5.9450
0.7000000000000001	7	1000	6.0866
0.7000000000000001	8	1000	6.2461
0.7000000000000001	9	1000	6.2679
0.7000000000000001	10	1000	6.3722
0.7000000000000001	11	1000	6.3967
0.7000000000000001	12	1000	6.4318
0.7000000000000001	13	1000	6.4692
0.7000000000000001	14	1000	6.4760
0.7000000000000001	15	1000	6.4750
0.7000000000000001	16	1000	6.5465
0.7000000000000001	17	1000	6.6752
0.7000000000000001	18	1000	6.7040
0.7000000000000001	19	1000	6.6967
0.7000000000000001	20	1000	6.7126
0.8	1	1000	4.7678
0.8	2	1000	4.7621
0.8	3	1000	4.9891
0.8	4	1000	5.3140
0.8	5	1000	5.5669
0.8	6	1000	5.7955
0.8	7	1000	5.9356
0.8	8	1000	6.1444
0.8	9	1000	6.1615
0.8	10	1000	6.2867
0.8	11	1000	6.3186
0.8	12	1000	6.3450
0.8	13	1000	6.4716
0.8	14	1000	6.4544
0.8	15	1000	6.4614
0.8	16	1000	6.5222
0.8	17	1000	6.5817
0.8	18	1000	6.6459
0.8	19	1000	6.6419
0.8	20	1000	6.6434
0.9	1	1000	4.5761
0.9	2	1000	4.5810
0.9	3	1000	4.7861
0.9	4	1000	5.1571
0.9	5	1000	5.4562
0.9	6	1000	5.6855
0.9	7	1000	5.9406
0.9	8	1000	6.1369
0.9	9	1000	6.1624
0.9	10	1000	6.2711
0.9	11	1000	6.2897
0.9	12	1000	6.3146
0.9	13	1000	6.4039
0.9	14	1000	6.4151
0.9	15	1000	6.4237
0.9	16	1000	6.4768
0.9	17	1000	6.5777
0.9	18	1000	6.6227
0.9	19	1000	6.6886
0.9	20	1000	6.6266
1.0	1	1000	6.5728
1.0	2	1000	5.6290
1.0	3	1000	5.4751
1.0	4	1000	5.5592
1.0	5	1000	5.7763
1.0	6	1000	5.8719
1.0	7	1000	6.0280
1.0	8	1000	6.2111
1.0	9	1000	6.1760
1.0	10	1000	6.2653
1.0	11	1000	6.2885
1.0	12	1000	6.3630
1.0	13	1000	6.4076
1.0	14	1000	6.4173
1.0	15	1000	6.4035
1.0	16	1000	6.4617
1.0	17	1000	6.5786
1.0	18	1000	6.7721
1.0	19	1000	6.7313
1.0	20	1000	6.6706
1.1	1	1000	6.7581
1.1	2	1000	5.6817
1.1	3	1000	5.6935
1.1	4	1000	5.6792
1.1	5	1000	5.8575
1.1	6	1000	5.9137
1.1	7	1000	6.1374
1.1	8	1000	6.2268
1.1	9	1000	6.2143
1.1	10	1000	6.2931
1.1	11	1000	6.3791
1.1	12	1000	6.3970
1.1	13	1000	6.4366
1.1	14	1000	6.4542
1.1	15	1000	6.4316
1.1	16	1000	6.4558
1.1	17	1000	6.5884
1.1	18	1000	6.6501
1.1	19	1000	6.8585
1.1	20	1000	6.8704
1.2000000000000002	1	1000	6.6733
1.2000000000000002	2	1000	5.6798
1.2000000000000002	3	1000	5.4912
1.2000000000000002	4	1000	5.6102
1.2000000000000002	5	1000	5.9114
1.2000000000000002	6	1000	5.9122
1.2000000000000002	7	1000	6.0577
1.2000000000000002	8	1000	6.2613
1.2000000000000002	9	1000	6.2397
1.2000000000000002	10	1000	6.3206
1.2000000000000002	11	1000	6.3525
1.2000000000000002	12	1000	6.4007
1.2000000000000002	13	1000	6.4235
1.2000000000000002	14	1000	6.4135
1.2000000000000002	15	1000	6.4673
1.2000000000000002	16	1000	6.4475
1.2000000000000002	17	1000	6.5888
1.2000000000000002	18	1000	6.6379
1.2000000000000002	19	1000	6.6753
1.2000000000000002	20	1000	6.6525
1.3	1	1000	6.6216
1.3	2	1000	5.6705
1.3	3	1000	5.4848
1.3	4	1000	5.5982
1.3	5	1000	5.8399
1.3	6	1000	5.9020
1.3	7	1000	6.0583
1.3	8	1000	6.2129
1.3	9	1000	6.2116
1.3	10	1000	6.2830
1.3	11	1000	6.3659
1.3	12	1000	6.4371
1.3	13	1000	6.4770
1.3	14	1000	6.5202
1.3	15	1000	6.4194
1.3	16	1000	6.4724
1.3	17	1000	6.6199
1.3	18	1000	6.6301
1.3	19	1000	6.6463
1.3	20	1000	6.6497
1.4000000000000001	1	1000	6.6135
1.4000000000000001	2	1000	5.6652
1.4000000000000001	3	1000	5.4870
1.4000000000000001	4	1000	5.6034
1.4000000000000001	5	1000	5.8242
1.4000000000000001	6	1000	5.8985
1.4000000000000001	7	1000	6.0827
1.4000000000000001	8	1000	6.2332
1.4000000000000001	9	1000	6.2262
1.4000000000000001	10	1000	6.3211
1.4000000000000001	11	1000	6.3450
1.4000000000000001	12	1000	6.4125
1.4000000000000001	13	1000	6.4655
1.4000000000000001	14	1000	6.4786
1.4000000000000001	15	1000	6.4540
1.4000000000000001	16	1000	6.4746
1.4000000000000001	17	1000	6.5899
1.4000000000000001	18	1000	6.8049
1.4000000000000001	19	1000	6.6763
1.4000000000000001	20	1000	6.6590
1.5	1	1000	6.6686
1.5	2	1000	5.7568
1.5	3	1000	5.5464
1.5	4	1000	5.6549
1.5	5	1000	5.8149
1.5	6	1000	5.8697
1.5	7	1000	6.0723
1.5	8	1000	6.3068
1.5	9	1000	6.2955
1.5	10	1000	6.3033
1.5	11	1000	6.3483
1.5	12	1000	6.3852
1.5	13	1000	6.4592
1.5	14	1000	6.4155
1.5	15	1000	6.4576
1.5	16	1000	6.4746
1.5	17	1000	6.6098
1.5	18	1000	6.6544
1.5	19	1000	6.6637
1.5	20	1000	6.7106
1.6	1	1000	6.6933
1.6	2	1000	5.7100
1.6	3	1000	5.4663
1.6	4	1000	5.5477
1.6	5	1000	5.7921
1.6	6	1000	5.9662
1.6	7	1000	6.0768
1.6	8	1000	6.2333
1.6	9	1000	6.2214
1.6	10	1000	6.3431
1.6	11	1000	6.3662
1.6	12	1000	6.4299
1.6	13	1000	6.4219
1.6	14	1000	6.4311
1.6	15	1000	6.3779
1.6	16	1000	6.3914
1.6	17	1000	6.5477
1.6	18	1000	6.5388
1.6	19	1000	6.6060
1.6	20	1000	6.5891
1.7000000000000002	1	1000	6.5718
1.7000000000000002	2	1000	5.5877
1.7000000000000002	3	1000	5.4462
1.7000000000000002	4	1000	5.5196
1.7000000000000002	5	1000	5.7763
1.7000000000000002	6	1000	5.8582
1.7000000000000002	7	1000	6.0008
1.7000000000000002	8	1000	6.2377
1.7000000000000002	9	1000	6.2470
1.7000000000000002	10	1000	6.2410
1.7000000000000002	11	1000	6.3236
1.7000000000000002	12	1000	6.3319
1.7000000000000002	13	1000	6.3598
1.7000000000000002	14	1000	6.3826
1.7000000000000002	15	1000	6.3782
1.7000000000000002	16	1000	6.4263
1.7000000000000002	17	1000	6.5145
1.7000000000000002	18	1000	6.5957
1.7000000000000002	19	1000	6.6140
1.7000000000000002	20	1000	6.6096
1.8	1	1000	6.5887
1.8	2	1000	5.6375
1.8	3	1000	5.4441
1.8	4	1000	5.5169
1.8	5	1000	5.7986
1.8	6	1000	5.8149
1.8	7	1000	5.9758
1.8	8	1000	6.1385
1.8	9	1000	6.1433
1.8	10	1000	6.2097
1.8	11	1000	6.2645
1.8	12	1000	6.3180
1.8	13	1000	6.3547
1.8	14	1000	6.3438
1.8	15	1000	6.3488
1.8	16	1000	6.3881
1.8	17	1000	6.5322
1.8	18	1000	6.5499
1.8	19	1000	6.6066
1.8	20	1000	6.6187
1.9000000000000001	1	1000	6.5454
1.9000000000000001	2	1000	5.6215
1.9000000000000001	3	1000	5.4142
1.9000000000000001	4	1000	5.5271
1.9000000000000001	5	1000	5.7314
1.9000000000000001	6	1000	5.8364
1.9000000000000001	7	1000	5.9473
1.9000000000000001	8	1000	6.1402
1.9000000000000001	9	1000	6.1386
1.9000000000000001	10	1000	6.2038
1.9000000000000001	11	1000	6.2800
1.9000000000000001	12	1000	6.3137
1.9000000000000001	13	1000	6.3398
1.9000000000000001	14	1000	6.3365
1.9000000000000001	15	1000	6.3500
1.9000000000000001	16	1000	6.3637
1.9000000000000001	17	1000	6.5024
1.9000000000000001	18	1000	6.5403
1.9000000000000001	19	1000	6.5504
1.9000000000000001	20	1000	6.5799
2.0	1	1000	6.5654
2.0	2	1000	5.5717
2.0	3	1000	5.4335
2.0	4	1000	5.5224
2.0	5	1000	5.7533
2.0	6	1000	5.8239
2.0	7	1000	5.9562
2.0	8	1000	6.1425
2.0	9	1000	6.1249
2.0	10	1000	6.2195
2.0	11	1000	6.2516
2.0	12	1000	6.2891
2.0	13	1000	6.3311
2.0	14	1000	6.3617
2.0	15	1000	6.3354
2.0	16	1000	6.3970
2.0	17	1000	6.4779
2.0	18	1000	6.5351
2.0	19	1000	6.5853
2.0	20	1000	6.6117
